Binary Matrix:
1 0 0 0 0 0 0 0 0 0 1 0 0 0 0 0 1 0 0 1 0 0 0 0 1 0 1 1 0 0 0 0 
0 1 0 0 0 0 0 0 0 0 0 1 0 0 0 0 1 0 0 0 0 0 0 0 1 0 0 1 0 0 0 0 
0 0 1 0 0 0 0 0 1 1 0 0 0 0 0 0 0 1 0 0 0 0 0 0 1 0 0 0 0 0 0 0 
0 0 0 1 0 0 0 0 0 1 1 0 0 0 0 0 0 0 1 0 0 0 0 0 0 1 0 0 0 0 0 0 
0 0 0 0 1 0 0 0 0 0 0 0 0 0 1 0 0 0 0 0 1 0 0 1 0 0 0 0 1 0 1 1 
0 0 0 0 0 1 0 0 0 0 0 0 0 0 0 1 0 0 0 0 1 0 0 0 0 0 0 0 1 0 0 1 
0 0 0 0 0 0 1 0 0 0 0 0 1 1 0 0 0 0 0 0 0 1 0 0 0 0 0 0 1 0 0 0 
0 0 0 0 0 0 0 1 0 0 0 0 0 1 1 0 0 0 0 0 0 0 1 0 0 0 0 0 0 1 0 0 
0 0 1 0 0 0 0 0 1 0 0 0 0 0 0 0 1 0 1 1 0 0 0 0 1 0 0 1 0 0 0 0 
0 0 0 1 0 0 0 0 0 1 0 0 0 0 0 0 1 0 0 1 0 0 0 0 1 0 0 0 0 0 0 0 
1 1 0 0 0 0 0 0 0 0 1 0 0 0 0 0 1 0 0 0 0 0 0 0 0 1 0 0 0 0 0 0 
0 1 1 0 0 0 0 0 0 0 0 1 0 0 0 0 0 1 0 0 0 0 0 0 0 0 1 0 0 0 0 0 
0 0 0 0 0 0 1 0 0 0 0 0 1 0 0 0 0 0 0 0 1 0 1 1 0 0 0 0 1 0 0 1 
0 0 0 0 0 0 0 1 0 0 0 0 0 1 0 0 0 0 0 0 1 0 0 1 0 0 0 0 1 0 0 0 
0 0 0 0 1 1 0 0 0 0 0 0 0 0 1 0 0 0 0 0 1 0 0 0 0 0 0 0 0 1 0 0 
0 0 0 0 0 1 1 0 0 0 0 0 0 0 0 1 0 0 0 0 0 1 0 0 0 0 0 0 0 0 1 0 
1 0 0 1 0 0 0 0 1 0 1 1 0 0 0 0 1 0 0 0 0 0 0 0 0 0 1 0 0 0 0 0 
1 0 0 0 0 0 0 0 1 0 0 1 0 0 0 0 0 1 0 0 0 0 0 0 0 0 0 1 0 0 0 0 
0 1 0 0 0 0 0 0 1 0 0 0 0 0 0 0 0 0 1 0 0 0 0 0 1 1 0 0 0 0 0 0 
0 0 1 0 0 0 0 0 0 1 0 0 0 0 0 0 0 0 0 1 0 0 0 0 0 1 1 0 0 0 0 0 
0 0 0 0 1 0 0 1 0 0 0 0 1 0 1 1 0 0 0 0 1 0 0 0 0 0 0 0 0 0 1 0 
0 0 0 0 1 0 0 0 0 0 0 0 1 0 0 1 0 0 0 0 0 1 0 0 0 0 0 0 0 0 0 1 
0 0 0 0 0 1 0 0 0 0 0 0 1 0 0 0 0 0 0 0 0 0 1 0 0 0 0 0 1 1 0 0 
0 0 0 0 0 0 1 0 0 0 0 0 0 1 0 0 0 0 0 0 0 0 0 1 0 0 0 0 0 1 1 0 
1 0 1 1 0 0 0 0 1 0 0 1 0 0 0 0 0 0 1 0 0 0 0 0 1 0 0 0 0 0 0 0 
1 0 0 1 0 0 0 0 1 0 0 0 0 0 0 0 0 0 0 1 0 0 0 0 0 1 0 0 0 0 0 0 
1 0 0 0 0 0 0 0 0 1 0 0 0 0 0 0 1 1 0 0 0 0 0 0 0 0 1 0 0 0 0 0 
0 1 0 0 0 0 0 0 0 0 1 0 0 0 0 0 0 1 1 0 0 0 0 0 0 0 0 1 0 0 0 0 
0 0 0 0 1 0 1 1 0 0 0 0 1 0 0 1 0 0 0 0 0 0 1 0 0 0 0 0 1 0 0 0 
0 0 0 0 1 0 0 1 0 0 0 0 1 0 0 0 0 0 0 0 0 0 0 1 0 0 0 0 0 1 0 0 
0 0 0 0 1 0 0 0 0 0 0 0 0 1 0 0 0 0 0 0 1 1 0 0 0 0 0 0 0 0 1 0 
0 0 0 0 0 1 0 0 0 0 0 0 0 0 1 0 0 0 0 0 0 1 1 0 0 0 0 0 0 0 0 1 


Xor Count = 90
x[20]=x[20]^x[4]
x[30]=x[30]^x[20]
x[0]=x[0]^x[16]
x[24]=x[24]^x[8]
x[15]=x[15]^x[12]
x[7]=x[7]^x[28]
x[16]=x[16]^x[27]
x[8]=x[8]^x[11]
x[7]=x[7]^x[4]
x[11]=x[11]^x[19]
x[19]=x[19]^x[2]
x[12]=x[12]^x[28]
x[28]=x[28]^x[23]
x[4]=x[4]^x[31]
x[31]=x[31]^x[14]
x[14]=x[14]^x[29]
x[28]=x[28]^x[30]
x[28]=x[28]^x[31]   y[4]
x[27]=x[27]^x[11]
x[23]=x[23]^x[7]
x[27]=x[27]^x[3]
x[11]=x[11]^x[1]
x[11]=x[11]^x[17]
x[1]=x[1]^x[25]
x[25]=x[25]^x[9]
x[7]=x[7]^x[6]
x[9]=x[9]^x[17]
x[8]=x[8]^x[0]
x[17]=x[17]^x[8]
x[17]=x[17]^x[16]    y[17]
x[4]=x[4]^x[15]
x[15]=x[15]^x[22]
x[3]=x[3]^x[10]
x[22]=x[22]^x[5]
x[5]=x[5]^x[20]
x[7]=x[7]^x[15]    y[28]
x[30]=x[30]^x[13]
x[20]=x[20]^x[23]
x[15]=x[15]^x[29]
x[8]=x[8]^x[26]
x[16]=x[16]^x[19]
x[19]=x[19]^x[26]
x[8]=x[8]^x[3]    y[16]
x[3]=x[3]^x[18]
x[18]=x[18]^x[24]
x[31]=x[31]^x[22]
x[31]=x[31]^x[21]    y[31]
x[16]=x[16]^x[18]    y[8]
x[29]=x[29]^x[12]
x[6]=x[6]^x[21]
x[26]=x[26]^x[9]
x[9]=x[9]^x[24]
x[15]=x[15]^x[30]
x[30]=x[30]^x[21]    y[30]
x[18]=x[18]^x[1]    y[18]
x[26]=x[26]^x[0]    y[26]
x[22]=x[22]^x[29]    y[22]
x[24]=x[24]^x[27]
x[1]=x[1]^x[0]
x[0]=x[0]^x[27]
x[27]=x[27]^x[11]
x[11]=x[11]^x[19]    y[11]
x[6]=x[6]^x[12]
x[6]=x[6]^x[13]    y[6]
x[19]=x[19]^x[25]    y[19]
x[27]=x[27]^x[3]    y[27]
x[21]=x[21]^x[4]    y[21]
x[29]=x[29]^x[23]    y[29]
x[14]=x[14]^x[5]    y[14]
x[12]=x[12]^x[4]
x[3]=x[3]^x[25]    y[3]
x[4]=x[4]^x[28]
x[13]=x[13]^x[20]    y[13]
x[20]=x[20]^x[7]
x[2]=x[2]^x[9]    y[2]
x[9]=x[9]^x[17]
x[10]=x[10]^x[1]    y[10]
x[5]=x[5]^x[12]    y[5]
x[23]=x[23]^x[4]    y[20]
x[25]=x[25]^x[9]
x[12]=x[12]^x[20]    y[12]
x[4]=x[4]^x[12]
x[1]=x[1]^x[25]    y[1]
x[20]=x[20]^x[15]    y[23]
x[4]=x[4]^x[31]    y[15]
x[9]=x[9]^x[0]    y[9]
x[25]=x[25]^x[24]    y[25]
x[24]=x[24]^x[8]    y[0]
x[0]=x[0]^x[16]    y[24]
x[15]=x[15]^x[23]    y[7]