Polynomial： x^4+x+1

Matrix: [1,1,1,9,2,1,9,2,6,8,1,2,8,3,1,1]

Binary Matrix:
1 0 0 0 0 0 0 0 1 0 0 0 0 0 0 0 1 0 0 0 0 0 0 0 1 0 0 1 0 0 0 0 
0 1 0 0 0 0 0 0 0 1 0 0 0 0 0 0 0 1 0 0 0 0 0 0 1 0 0 0 0 0 0 0 
0 0 1 0 0 0 0 0 0 0 1 0 0 0 0 0 0 0 1 0 0 0 0 0 0 1 0 0 0 0 0 0 
0 0 0 1 0 0 0 0 0 0 0 1 0 0 0 0 0 0 0 1 0 0 0 0 0 0 1 0 0 0 0 0 
0 0 0 0 1 0 0 0 0 0 0 0 1 0 0 0 0 0 0 0 1 0 0 0 0 0 0 0 1 0 0 1 
0 0 0 0 0 1 0 0 0 0 0 0 0 1 0 0 0 0 0 0 0 1 0 0 0 0 0 0 1 0 0 0 
0 0 0 0 0 0 1 0 0 0 0 0 0 0 1 0 0 0 0 0 0 0 1 0 0 0 0 0 0 1 0 0 
0 0 0 0 0 0 0 1 0 0 0 0 0 0 0 1 0 0 0 0 0 0 0 1 0 0 0 0 0 0 1 0 
0 1 0 0 0 0 0 0 1 0 0 0 0 0 0 0 1 0 0 1 0 0 0 0 0 1 0 0 0 0 0 0 
0 0 1 0 0 0 0 0 0 1 0 0 0 0 0 0 1 0 0 0 0 0 0 0 0 0 1 0 0 0 0 0 
0 0 0 1 0 0 0 0 0 0 1 0 0 0 0 0 0 1 0 0 0 0 0 0 0 0 0 1 0 0 0 0 
1 1 0 0 0 0 0 0 0 0 0 1 0 0 0 0 0 0 1 0 0 0 0 0 1 1 0 0 0 0 0 0 
0 0 0 0 0 1 0 0 0 0 0 0 1 0 0 0 0 0 0 0 1 0 0 1 0 0 0 0 0 1 0 0 
0 0 0 0 0 0 1 0 0 0 0 0 0 1 0 0 0 0 0 0 1 0 0 0 0 0 0 0 0 0 1 0 
0 0 0 0 0 0 0 1 0 0 0 0 0 0 1 0 0 0 0 0 0 1 0 0 0 0 0 0 0 0 0 1 
0 0 0 0 1 1 0 0 0 0 0 0 0 0 0 1 0 0 0 0 0 0 1 0 0 0 0 0 1 1 0 0 
0 1 1 0 0 0 0 0 0 0 0 1 0 0 0 0 1 0 0 0 0 0 0 0 0 1 0 0 0 0 0 0 
0 0 1 1 0 0 0 0 1 1 0 0 0 0 0 0 0 1 0 0 0 0 0 0 0 0 1 0 0 0 0 0 
1 1 0 1 0 0 0 0 0 1 1 0 0 0 0 0 0 0 1 0 0 0 0 0 0 0 0 1 0 0 0 0 
1 0 1 0 0 0 0 0 0 0 1 1 0 0 0 0 0 0 0 1 0 0 0 0 1 1 0 0 0 0 0 0 
0 0 0 0 0 1 1 0 0 0 0 0 0 0 0 1 0 0 0 0 1 0 0 0 0 0 0 0 0 1 0 0 
0 0 0 0 0 0 1 1 0 0 0 0 1 1 0 0 0 0 0 0 0 1 0 0 0 0 0 0 0 0 1 0 
0 0 0 0 1 1 0 1 0 0 0 0 0 1 1 0 0 0 0 0 0 0 1 0 0 0 0 0 0 0 0 1 
0 0 0 0 1 0 1 0 0 0 0 0 0 0 1 1 0 0 0 0 0 0 0 1 0 0 0 0 1 1 0 0 
0 0 0 1 0 0 0 0 1 1 0 0 0 0 0 0 1 0 0 0 0 0 0 0 1 0 0 0 0 0 0 0 
1 1 0 0 0 0 0 0 0 1 1 0 0 0 0 0 0 1 0 0 0 0 0 0 0 1 0 0 0 0 0 0 
0 1 1 0 0 0 0 0 0 0 1 1 0 0 0 0 0 0 1 0 0 0 0 0 0 0 1 0 0 0 0 0 
0 0 1 1 0 0 0 0 1 1 0 1 0 0 0 0 0 0 0 1 0 0 0 0 0 0 0 1 0 0 0 0 
0 0 0 0 0 0 0 1 0 0 0 0 1 1 0 0 0 0 0 0 1 0 0 0 0 0 0 0 1 0 0 0 
0 0 0 0 1 1 0 0 0 0 0 0 0 1 1 0 0 0 0 0 0 1 0 0 0 0 0 0 0 1 0 0 
0 0 0 0 0 1 1 0 0 0 0 0 0 0 1 1 0 0 0 0 0 0 1 0 0 0 0 0 0 0 1 0 
0 0 0 0 0 0 1 1 0 0 0 0 1 1 0 1 0 0 0 0 0 0 0 1 0 0 0 0 0 0 0 1 

Xor Count = 72
x[11] = x[11] ^ x[2]
x[15] = x[15] ^ x[6]
x[3] = x[3] ^ x[27]
x[7] = x[7] ^ x[31]
x[1] = x[1] ^ x[25]
x[5] = x[5] ^ x[29]
x[25] = x[25] ^ x[10]
x[29] = x[29] ^ x[14]
x[26] = x[26] ^ x[2]
x[30] = x[30] ^ x[6]
x[17] = x[17] ^ x[3]
x[21] = x[21] ^ x[7]
x[27] = x[27] ^ x[8]
x[31] = x[31] ^ x[12]
x[24] = x[24] ^ x[0]
x[28] = x[28] ^ x[4]
x[27] = x[27] ^ x[16]
x[31] = x[31] ^ x[20]
x[18] = x[18] ^ x[25]
x[22] = x[22] ^ x[29]
x[3] = x[3] ^ x[9]
x[7] = x[7] ^ x[13]
x[25] = x[25] ^ x[24]
x[29] = x[29] ^ x[28]
x[9] = x[9] ^ x[26]
x[13] = x[13] ^ x[30]
x[24] = x[24] ^ x[27]    y[0]
x[28] = x[28] ^ x[31]    y[4]
x[9] = x[9] ^ x[16]    y[9]
x[13] = x[13] ^ x[20]    y[13]
x[19] = x[19] ^ x[11]
x[23] = x[23] ^ x[15]
x[11] = x[11] ^ x[1]
x[15] = x[15] ^ x[5]
x[10] = x[10] ^ x[17]    y[10]
x[14] = x[14] ^ x[21]    y[14]
x[27] = x[27] ^ x[9]
x[31] = x[31] ^ x[13]
x[0] = x[0] ^ x[3]
x[4] = x[4] ^ x[7]
x[16] = x[16] ^ x[11]    y[16]
x[20] = x[20] ^ x[15]    y[20]
x[8] = x[8] ^ x[19]
x[12] = x[12] ^ x[23]
x[2] = x[2] ^ x[18]    y[2]
x[6] = x[6] ^ x[22]    y[6]
x[19] = x[19] ^ x[25]    y[19]
x[23] = x[23] ^ x[29]    y[23]
x[11] = x[11] ^ x[2]
x[15] = x[15] ^ x[6]
x[3] = x[3] ^ x[8]    y[27]
x[7] = x[7] ^ x[12]    y[31]
x[26] = x[26] ^ x[11]    y[26]
x[30] = x[30] ^ x[15]    y[30]
x[1] = x[1] ^ x[0]
x[5] = x[5] ^ x[4]
x[11] = x[11] ^ x[25]    y[11]
x[15] = x[15] ^ x[29]    y[15]
x[8] = x[8] ^ x[16]    y[8]
x[12] = x[12] ^ x[20]    y[12]
x[18] = x[18] ^ x[1]    y[18]
x[22] = x[22] ^ x[5]    y[22]
x[17] = x[17] ^ x[27]    y[17]
x[21] = x[21] ^ x[31]    y[21]
x[1] = x[1] ^ x[10]    y[25]
x[5] = x[5] ^ x[14]    y[29]
x[0] = x[0] ^ x[24]    y[24]
x[4] = x[4] ^ x[28]    y[28]
x[27] = x[27] ^ x[3]    y[3]
x[31] = x[31] ^ x[7]    y[7]
x[25] = x[25] ^ x[1]    y[1]
x[29] = x[29] ^ x[5]    y[5]